-0.000846296316013 -0.000433901353972 -0.000228926655836 -0.000683208520059 -0.000397980824346 -0.000230550969718 -0.00052515103016 -0.000339204532793 -0.000214590210817 0.00160490174312 0.00105570140295 0.000697142328136 0.00101548421662 0.000752615043893 0.000541827233974 0.000651388952974 0.000531702535227 0.000413743866375 
-0.00116804963909 -0.000469393009553 -0.000159318107762 -0.000774559914134 -0.00040052953409 -0.000175114371814 -0.000540518667549 -0.000329864706146 -0.000173682696186 0.00139771378599 0.000943322607782 0.000553762190975 0.000720213458408 0.000602432875894 0.000421474658651 0.000410763837863 0.00039518615813 0.000315800571116 
-0.00161478680093 1.87989899132e-05 0.00078411080176 -0.000952188565861 -0.000347927532857 0.000147610669956 -0.000623513886239 -0.000351198512362 -6.75090486766e-05 5.76951515541e-06 0.00028286036104 -0.000196938257432 8.79613435245e-06 0.000243771166424 0.000129823689349 6.61519152345e-06 0.000161973468494 0.000157532689627 
-0.00303505011834 -0.00365404342301 -0.0012711181771 -0.00159790995531 -0.00162821472622 -0.00078389729606 -0.000940790283494 -0.000900010403711 -0.000531511730514 -0.00250940653495 -0.00142540759407 -9.77326271823e-06 -0.00108043127693 -0.000538224063348 -1.71693977791e-06 -0.000545844610315 -0.000259795284364 -2.82913902083e-07 
-0.0015764546115 -0.00297220656648 -0.00476103555411 -0.00119891425129 -0.00185802753549 -0.00238686334342 -0.000867263472173 -0.00117028597742 -0.00132196536288 -0.00248616188765 -0.00325958034955 -0.00325539265759 -0.00147918984294 -0.00161212496459 -0.00131334294565 -0.000895062694326 -0.00085925165331 -0.000625748827588 
-0.000703496101778 -0.00127667118795 -0.0023155505769 -0.000673259492032 -0.00109976914246 -0.00173251831438 -0.000580767460633 -0.000871981319506 -0.00122427963652 -0.001657839166 -0.00235620187595 -0.00323685049079 -0.00121751322877 -0.00156386999879 -0.00187438947614 -0.000863685214426 -0.00102351745591 -0.00109942280687 
-0.000794295221567 -0.000327723595547 -0.000150494932313 -0.000904525455553 -0.000426272308687 -0.000212529994315 -0.000785089505371 -0.000424707162892 -0.000232764024986 0.00304207298905 0.00163180287927 0.000947283289861 0.00209112325683 0.0012711196905 0.000796519278083 0.00133692275267 0.000924663909245 0.000632484967355 
-0.00214047404006 -0.000440406991402 -8.89231523615e-05 -0.0015171803534 -0.000493763247505 -0.000139169074828 -0.000985437771305 -0.000443801633082 -0.000168158410816 0.00495980028063 0.00187108048704 0.000778738991357 0.00219855108298 0.00123791128863 0.000641192717012 0.00105769257061 0.000786745280493 0.000498080102261 
-0.00537843629718 0.00953533127904 0.00384390144609 -0.00237719295546 0.0010055359453 0.00160541781224 -0.00128732423764 -0.000221084672376 0.000448631646577 -0.00148519687355 -0.00644826097414 -0.00494593055919 -2.14002047869e-05 2.02662977244e-06 -0.000911882438231 8.8402948677e-06 0.000289639341645 5.91362004343e-06 
-0.00892589613795 -0.0271630045027 -0.00531272450462 -0.00466765929013 -0.0069238836877 -0.00184187677223 -0.00231646047905 -0.00255877431482 -0.00103217107244 -0.0137400692329 -0.0182130709291 -0.00179874675814 -0.00455832760781 -0.00309278117493 -4.7774585255e-05 -0.0017524525756 -0.00092876132112 -4.44782381237e-06 
-0.00159904290922 -0.00452491082251 -0.0135091515258 -0.00174138078 -0.00379863474518 -0.00739861512557 -0.00142858771142 -0.0024717845954 -0.00357435434125 -0.00513637252152 -0.00999059155583 -0.0183251313865 -0.00335727911443 -0.0050639687106 -0.00609735446051 -0.00202060304582 -0.0024417352397 -0.0022160243243 
-0.000487751036417 -0.00103276665322 -0.00236714025959 -0.000669156026561 -0.00129366153851 -0.00257174158469 -0.000701955053955 -0.00122045190074 -0.00208684778772 -0.00240166508593 -0.003965690732 -0.0068578007631 -0.00194896955509 -0.00294506945647 -0.0044257286936 -0.00147218746133 -0.00200768886134 -0.00260440958664 
0.000144985679071 5.48005045857e-05 2.39339515247e-05 -0.000535406172276 -0.000208371449844 -9.25107306102e-05 -0.000880920502823 -0.000382083351724 -0.00018079658912 0.00381180364639 0.00188202457502 0.00104261201341 0.00354119786061 0.00179752160329 0.00101116474252 0.0026561927516 0.00149349146523 0.000891515344847 
0.000633738003671 8.39623171487e-05 1.31418028104e-05 -0.00195569987409 -0.000304584915284 -5.20838220837e-05 -0.00192737509497 -0.000482443487272 -0.000111155197374 0.00972637441009 0.00245961081237 0.0008693683194 0.00763836083934 0.00224357633851 0.000839115935378 0.00357679510489 0.001603411627 0.00072710623499 
0.0158010013402 -0.0143410051242 -0.00147586804815 -0.0208497941494 0.025585571304 0.00421217735857 -0.00373813672923 0.004172666464 0.0028934830334 -0.418048769236 -0.0967568233609 -0.01460971497 -0.0445636734366 -0.0356371700764 -0.0101197808981 -0.000249577482464 -0.0017795918975 -0.00269246194512 
0.00331086316146 0.0283370018005 0.0103306993842 -0.00947254430503 -0.0558442138135 -0.0163017176092 -0.00712478207424 -0.0151577014476 -0.00309513229877 -0.0344995111227 -0.142502471805 -0.059812054038 -0.0248347949237 -0.0646516755223 -0.0175096895546 -0.0087887942791 -0.00827532541007 -0.00037919159513 
0.000299517938402 0.00102877756581 0.00452928151935 -0.00109686038923 -0.00352458376437 -0.0134968524799 -0.00174544611946 -0.00445851590484 -0.0111068077385 -0.00663225678727 -0.0156379919499 -0.0426656976342 -0.00610147649422 -0.0134607963264 -0.0317807011306 -0.00440406659618 -0.00774618471041 -0.011865530163 
7.87205353845e-05 0.000176091300091 0.000442633114289 -0.000302877160721 -0.000665483006742 -0.00162229512352 -0.000580248772167 -0.00118871824816 -0.00258356868289 -0.00269354414195 -0.00469344947487 -0.00889542885125 -0.00259683234617 -0.00444612838328 -0.00817358773202 -0.00223283329979 -0.00356988701969 -0.00585721526295 
0.000880920444615 0.000382083235309 0.000180796560016 0.000535406230483 0.000208371464396 9.25107233343e-05 -0.000144985693623 -5.48005045857e-05 -2.39339497057e-05 0.0026561927516 0.00149349134881 0.00089151551947 0.00354119809344 0.00179752160329 0.00101116439328 0.00381180481054 0.00188202480786 0.00104261212982 
0.00192737486213 0.000482443458168 0.000111155182822 0.00195569964126 0.000304584973492 5.20838148077e-05 -0.000633737945464 -8.39623171487e-05 -1.31418055389e-05 0.00357679487206 0.001603411627 0.000727106293198 0.00763836177066 0.00224357633851 0.00083911587717 0.00972637627274 0.0024596103467 0.000869368202984 
0.00373813719489 -0.00417266506702 -0.00289348256774 0.0208497866988 -0.0255855787545 -0.00421217782423 -0.0158009901643 0.0143410060555 0.00147586828098 -0.000249577802606 -0.0017795918975 -0.00269246171229 -0.0445636697114 -0.0356371738017 -0.0101197808981 -0.418048739433 -0.0967568308115 -0.0146097159013 
0.00712478114292 0.0151577023789 0.00309513160028 0.00947254523635 0.055844206363 0.0163017194718 -0.00331086246297 -0.0283370018005 -0.0103306947276 -0.00878879521042 -0.00827532820404 -0.000379191857064 -0.0248347967863 -0.0646516829729 -0.0175096876919 -0.0344995260239 -0.142502442002 -0.0598120577633 
0.00174544600304 0.00445851543918 0.0111068068072 0.00109686073847 0.00352458376437 0.0134968562052 -0.000299517967505 -0.00102877756581 -0.00452928105369 -0.00440406659618 -0.00774618471041 -0.011865532957 -0.00610147789121 -0.0134607972577 -0.0317807011306 -0.00663225678727 -0.0156379956752 -0.0426657050848 
0.000580249004997 0.00118871824816 0.00258356821723 0.000302877073409 0.000665483006742 0.00162229489069 -7.87205208326e-05 -0.000176091329195 -0.000442633026978 -0.00223283306696 -0.00356988655403 -0.00585721619427 -0.00259683234617 -0.00444612745196 -0.00817358680069 -0.00269354460761 -0.00469344994053 -0.00889542885125 
0.00078508927254 0.000424707075581 0.000232763995882 0.000904525455553 0.000426272337791 0.000212530023418 0.00079429539619 0.000327723653754 0.000150494917762 0.00133692275267 0.000924663967453 0.000632484734524 0.00209112348966 0.0012711196905 0.000796519452706 0.00304207275622 0.00163180287927 0.000947283289861 
0.000985437887721 0.000443801429356 0.000168158396264 0.00151718012057 0.000493763247505 0.000139169060276 0.00214047427289 0.000440406933194 8.89231305337e-05 0.00105769222137 0.000786745164078 0.000498079985846 0.00219855108298 0.00123791128863 0.000641192717012 0.00495979934931 0.00187108037062 0.00077873893315 
0.00128732400481 0.00022108462872 -0.00044863158837 0.00237719365396 -0.00100553617813 -0.00160541769583 0.00537843583152 -0.00953533034772 -0.00384390098043 8.84018663783e-06 0.000289639312541 5.91369280301e-06 -2.14003975998e-05 2.02670844374e-06 -0.000911882147193 -0.00148519698996 -0.00644826097414 -0.0049459291622 
0.00231646071188 0.00255877501331 0.00103217083961 0.0046676597558 0.00692388461903 0.00184187723789 0.0089258980006 0.0271630063653 0.00531272403896 -0.00175245339051 -0.000928761844989 -4.4479220378e-06 -0.00455832760781 -0.00309278187342 -4.777475624e-05 -0.0137400720268 -0.0182130746543 -0.00179874768946 
0.001428587595 0.00247178482823 0.00357435434125 0.00174138066359 0.00379863451235 0.00739861465991 0.00159904302564 0.00452491221949 0.0135091487318 -0.00202060304582 -0.00244173547253 -0.00221602502279 -0.00335727864876 -0.00506396824494 -0.0060973521322 -0.00513637345284 -0.00999059248716 -0.0183251332492 
0.000701954995748 0.00122045190074 0.00208684778772 0.000669155910145 0.00129366153851 0.00257174158469 0.00048775121104 0.00103276700247 0.0023671395611 -0.00147218757775 -0.002007689327 -0.00260440912098 -0.0019489688566 -0.0029450696893 -0.0044257286936 -0.00240166578442 -0.00396569119766 -0.00685780122876 
0.000525151088368 0.000339204532793 0.000214590181713 0.000683208403643 0.00039798085345 0.000230550955166 0.000846296316013 0.000433901324868 0.000228926728596 0.000651388836559 0.000531702535227 0.000413743895479 0.00101548386738 0.000752615043893 0.000541827175766 0.00160490174312 0.00105570128653 0.000697142153513 
0.000540518667549 0.000329864706146 0.000173682710738 0.000774559681304 0.000400529650506 0.000175114400918 0.00116804975551 0.000469392922241 0.000159318122314 0.000410763692344 0.000395186216338 0.000315800658427 0.000720213516615 0.000602432817686 0.000421474687755 0.00139771401882 0.000943322433159 0.00055376207456 
0.000623513653409 0.00035119857057 6.75090341247e-05 0.000952188682277 0.000347927503753 -0.000147610684508 0.00161478645168 -1.87990062841e-05 -0.000784110627137 6.61513195155e-06 0.000161973395734 0.000157532675075 8.79605340742e-06 0.000243771050009 0.000129823703901 5.76938919039e-06 0.00028286036104 -0.000196938199224 
0.000940790341701 0.000900010287296 0.000531511730514 0.00159790972248 0.00162821484264 0.000783897470683 0.00303504988551 0.00365404388867 0.00127111829352 -0.000545844668522 -0.000259795255261 -2.82959206288e-07 -0.00108043139335 -0.000538224237971 -1.71700946794e-06 -0.00250940700062 -0.00142540829256 -9.77338186203e-06 
0.000867263821419 0.00117028597742 0.00132196489722 0.00119891436771 0.00185802788474 0.00238686311059 0.00157645496074 0.00297220679931 0.00476103601977 -0.000895062636118 -0.000859251711518 -0.000625749060418 -0.00147918995935 -0.00161212508101 -0.00131334282923 -0.00248616212048 -0.00325958058238 -0.00325539405458 
0.000580767460633 0.000871981319506 0.00122427940369 0.000673259492032 0.00109976937529 0.00173251831438 0.000703496276401 0.00127667130437 0.0023155505769 -0.000863685272634 -0.00102351768874 -0.00109942292329 -0.0012175134616 -0.00156387069728 -0.00187438924331 -0.00165783928242 -0.00235620187595 -0.00323685025796 
-0.000866075861268 -0.000506269396283 -0.00032999002724 -0.000690772838425 -0.000426324404543 -0.000284561188892 -0.000525205687154 -0.000343349820469 -0.000237039348576 0.0004550566955 0.000192733336007 7.26008001948e-05 0.000322034029523 0.00015376151714 6.17523328401e-05 0.000213160616113 0.000111374509288 4.89254889544e-05 
-0.000971685978584 -0.00048980594147 -0.000316624587867 -0.00052181573119 -0.000276373757515 -0.000181893105037 -0.000301210820908 -0.000160536059411 -0.000101593504951 0.000138641931699 -0.000148374019773 -0.00021388856112 4.8721969506e-05 -0.000109311840788 -0.000172765401658 1.80125443876e-05 -7.56635490688e-05 -0.000129142092192 
0.00353033444844 0.0032975752838 0.00180366204586 0.00143218331505 0.00155383348465 0.00115364545491 0.000720028358046 0.000840638705995 0.000734897446819 -0.000269180629402 -0.00159856281243 -0.0018273369642 -9.43539853324e-05 -0.000596530095208 -0.000877513724845 -4.2977699195e-05 -0.000272042641882 -0.000456212059362 
0.00379529269412 0.00776373362169 0.0103908199817 0.00217536138371 0.00357701745816 0.00443257158622 0.00130230153445 0.00190476409625 0.00227456353605 0.00185654382221 0.00182054948527 -0.000916495162528 0.000806547235698 0.000596890400629 -0.000353792594979 0.000386496132705 0.000239859495196 -0.000170902596437 
0.00141225964762 0.00298291561194 0.0064725857228 0.00120471103583 0.00221499428153 0.00389865646139 0.000950694375206 0.00155797775369 0.00239277910441 0.00112893735059 0.00218539242633 0.00336621562019 0.000797749264166 0.00125029741321 0.00149723608047 0.000528628006577 0.000708531821147 0.000719501753338 
0.000591851305217 0.00100417539943 0.00191340292804 0.000592562311795 0.000982242636383 0.00172686914448 0.000546477211174 0.000872064847499 0.00140703783836 0.000519434688613 0.000979268806987 0.00180596858263 0.000478720641695 0.000808783341199 0.00128650432453 0.000393800146412 0.00060868752189 0.000855448772199 
-0.00101573008578 -0.000581997737754 -0.000379545090254 -0.000951842288487 -0.000544603506569 -0.000352842267603 -0.000797857996076 -0.000475856330013 -0.00031261111144 0.000495812273584 0.0001696881518 5.71157579543e-05 0.000519761757459 0.000202841678401 7.31247928343e-05 0.000401585100917 0.000179011869477 6.93062465871e-05 
-0.0026703660842 -0.00111931818537 -0.000640711630695 -0.00144427327905 -0.000686703948304 -0.000427852326538 -0.000751779531129 -0.000389118591556 -0.000255120627116 0.000636323238723 -0.000148967243149 -0.000191000421182 0.000261507753748 -0.000165180434124 -0.000225483177928 9.07494249986e-05 -0.00013304076856 -0.000199173053261 
0.0434078387916 0.0151671646163 0.00187153555453 0.00724247749895 0.00564148882404 0.00222435733303 0.00237759994343 0.00239301822148 0.00151738512795 -0.00511460099369 -0.0145992450416 -0.00543208885938 -0.000627622706816 -0.00330778723583 -0.00289014889859 -0.000169670471223 -0.00104631460272 -0.00135174486786 
0.00745386164635 0.0367912687361 0.0746175125241 0.00526296114549 0.013499006629 0.0197616051883 0.00302951992489 0.00557877123356 0.00718597415835 0.00687164254487 0.0193958897144 -0.00976045429707 0.0031594557222 0.00406280532479 -0.00192248169333 0.00131565472111 0.00113131233957 -0.000604776781984 
0.00129468634259 0.00298759969883 0.0100607890636 0.00145238591358 0.00331366853788 0.00850071571767 0.00134330650326 0.00268054706976 0.00529374508187 0.00123921246268 0.00365612958558 0.0108116222546 0.00129237910733 0.00291548413225 0.0055404570885 0.000995353795588 0.00175830977969 0.00241685193032 
0.000502952025272 0.000766906770878 0.00139883020893 0.000567946583033 0.00095147266984 0.0018603495555 0.00059806270292 0.00101020652801 0.0018692741869 0.000374542403733 0.000827596581075 0.0019421807956 0.000502992421389 0.0010123088723 0.00205285148695 0.000511130434461 0.000921688391827 0.0015983574558 
-0.000994989415631 -0.000591804797295 -0.000392029411159 -0.00100836367346 -0.000589805713389 -0.000388262211345 -0.0010036699241 -0.000571197655518 -0.000370711873984 -9.45659921854e-05 -2.9657041523e-05 -9.55444738793e-06 0.000344403117197 0.000111207438749 3.63488106814e-05 0.000534437072929 0.000192199309822 6.63664541207e-05 
-0.00383320450783 -0.00150966562796 -0.000807112024631 -0.00343271135353 -0.00136873533484 -0.000749236845877 -0.00212528812699 -0.000936661090236 -0.000555252947379 -0.000260416418314 2.66449860646e-05 3.38096579071e-05 0.000725385791156 -9.95147784124e-05 -0.000126201543026 0.00046944845235 -0.000164619428688 -0.000215081701754 
0.416105538607 0.00344835571013 -0.00220431387424 0.218601599336 0.0191478338093 -6.26638866379e-05 0.018786335364 0.010250297375 0.00232809595764 0.0201911367476 0.0180661715567 0.0018871568609 -0.0278309211135 -0.0335492305458 -0.00554515328258 -0.00193808670156 -0.00777341658249 -0.0044095213525 
0.00418648449704 0.0240790378302 0.0804985910654 0.0064567415975 0.0478737317026 0.134664520621 0.0068482235074 0.0248489417136 0.0426037795842 -0.00271762674674 -0.0216459147632 0.0138366492465 0.00762771442533 0.0420530289412 -0.0248994454741 0.00524777499959 0.0101552978158 -0.00481995334849 
0.000998634612188 0.00152092671487 0.00278462609276 0.00111708359327 0.00217903824523 0.00693727703765 0.00139057461638 0.00329362833872 0.0101184854284 -0.000237371525145 -0.000853119592648 -0.00373655208386 0.000863187538926 0.00289928237908 0.0110351964831 0.00133288570214 0.00354036572389 0.00869607087225 
0.00044645080925 0.000582018808927 0.000780966249295 0.000466297235107 0.000649025372695 0.00101840042043 0.000530694494955 0.0008502555429 0.00163334491663 -6.11138530076e-05 -0.000142833509017 -0.00036826604628 0.000234331149841 0.000537745130714 0.00134386855643 0.000442359189037 0.000944930186961 0.00210017315112 
-0.00100367004052 -0.000571197713725 -0.000370711873984 -0.00100836390629 -0.000589805713389 -0.000388262153137 -0.000994989299215 -0.000591804913711 -0.000392029382056 -0.000534436956514 -0.000192199280718 -6.63664250169e-05 -0.000344403058989 -0.000111207387818 -3.63487815775e-05 9.4566057669e-05 2.96570979117e-05 9.55448012974e-06 
-0.00212528835982 -0.000936661148444 -0.000555252830964 -0.00343271088786 -0.00136873521842 -0.000749236845877 -0.00383320450783 -0.00150966539513 -0.000807112257462 -0.000469448219519 0.000164619501447 0.000215081687202 -0.000725385616533 9.95148729999e-05 0.00012620157213 0.000260416651145 -2.66448714683e-05 -3.38095924235e-05 
0.0187863335013 0.010250297375 0.00232809549198 0.218601599336 0.0191478319466 -6.266386481e-05 0.416105568409 0.00344835733995 -0.00220431364141 0.00193808542099 0.00777341704816 0.00440952181816 0.0278309006244 0.0335492230952 0.00554515281692 -0.0201911814511 -0.0180661696941 -0.00188715697732 
0.00684822257608 0.0248489379883 0.0426037721336 0.00645674113184 0.0478737168014 0.134664520621 0.00418648403138 0.0240790341049 0.0804985910654 -0.00524777593091 -0.0101552978158 0.00481994869187 -0.00762771442533 -0.0420530326664 0.0248994342983 0.00271762721241 0.0216458998621 -0.0138366501778 
0.00139057461638 0.00329362810589 0.010118487291 0.00111708394252 0.0021790380124 0.00693727657199 0.000998634728603 0.00152092659846 0.0027846256271 -0.00133288570214 -0.00354036665522 -0.00869607459754 -0.000863187597133 -0.00289928237908 -0.0110352002084 0.000237371466937 0.000853119650856 0.00373655324802 
0.000530694611371 0.000850255368277 0.00163334433455 0.000466297293315 0.000649025372695 0.00101840030402 0.000446450867457 0.000582018808927 0.000780966191087 -0.000442359159933 -0.000944930186961 -0.00210017315112 -0.000234331135289 -0.000537745188922 -0.00134386878926 6.11138239037e-05 0.000142833465361 0.00036826604628 
-0.000797857879661 -0.000475856446428 -0.000312611140544 -0.000951842346694 -0.000544603390153 -0.000352842209395 -0.00101572962012 -0.000581997679546 -0.000379545002943 -0.000401584926294 -0.000179011854925 -6.93062465871e-05 -0.000519761699252 -0.00020284166385 -7.31247782824e-05 -0.000495812157169 -0.000169688064489 -5.71157397644e-05 
-0.000751779356506 -0.000389118649764 -0.000255120627116 -0.00144427327905 -0.000686703890096 -0.000427852326538 -0.00267036538571 -0.00111931783613 -0.000640711688902 -9.07493158593e-05 0.000133040812216 0.000199173184228 -0.000261507433606 0.000165180565091 0.000225483148824 -0.000636323122308 0.000148967272253 0.000191000435734 
0.00237759994343 0.00239301775582 0.00151738501154 0.0072424756363 0.00564148835838 0.00222435733303 0.0434078425169 0.0151671655476 0.00187153578736 0.0001696702966 0.00104631436989 0.00135174451862 0.000627622182947 0.00330778746866 0.00289014866576 0.0051145972684 0.0145992459729 0.00543208606541 
0.00302951992489 0.00557877263054 0.00718597369269 0.00526296114549 0.013499006629 0.0197616033256 0.00745386118069 0.0367912724614 0.0746175125241 -0.00131565507036 -0.00113131268881 0.000604776141699 -0.00315945665352 -0.00406280672178 0.00192248029634 -0.00687164161354 -0.019395891577 0.00976044684649 
0.00134330650326 0.00268054683693 0.00529374508187 0.00145238614641 0.00331366783939 0.00850071385503 0.00129468622617 0.00298759900033 0.0100607899949 -0.000995353912003 -0.00175830977969 -0.00241685239598 -0.00129237899091 -0.00291548436508 -0.00554045755416 -0.00123921269551 -0.00365612935275 -0.0108116241172 
0.000598062644713 0.00101020641159 0.0018692741869 0.000567946524825 0.000951472728048 0.00186034990475 0.000502951967064 0.000766906770878 0.00139883020893 -0.000511130376253 -0.000921688275412 -0.00159835757222 -0.000502992537804 -0.00101230852306 -0.00205285125412 -0.000374542461941 -0.000827596697491 -0.00194218149409 
-0.000525205919985 -0.000343349762261 -0.00023703937768 -0.000690772780217 -0.000426324346336 -0.000284561217995 -0.000866075977683 -0.00050626945449 -0.000329990056343 -0.000213160528801 -0.000111374436528 -4.89254452987e-05 -0.000322033942211 -0.000153761502588 -6.17523110122e-05 -0.000455056549981 -0.000192733350559 -7.26007783669e-05 
-0.000301210820908 -0.000160536059411 -0.000101593534055 -0.00052181573119 -0.000276373786619 -0.000181893090485 -0.000971686153207 -0.00048980594147 -0.000316624587867 -1.80125334737e-05 7.56635345169e-05 0.000129142063088 -4.87218967464e-05 0.000109311928099 0.000172765488969 -0.00013864171342 0.000148374019773 0.000213888619328 
0.000720028416254 0.000840638705995 0.000734897330403 0.00143218308222 0.00155383325182 0.00115364533849 0.0035303349141 0.00329757551663 0.00180366169661 4.29776519013e-05 0.000272042583674 0.000456211884739 9.43538543652e-05 0.000596530153416 0.000877513666637 0.000269180425676 0.00159856223036 0.0018273369642 
0.00130230118521 0.00190476432908 0.00227456330322 0.00217536138371 0.00357701675966 0.00443257158622 0.00379529339261 0.00776373315603 0.010390820913 -0.000386496307328 -0.000239859611611 0.000170902436366 -0.000806547119282 -0.000596890866291 0.000353792158421 -0.00185654393863 -0.00182054995093 0.000916494231205 
0.000950694491621 0.00155797775369 0.00239277910441 0.00120471103583 0.0022149940487 0.00389865599573 0.00141225999687 0.00298291584477 0.00647258479148 -0.000528628006577 -0.000708531879354 -0.000719501869753 -0.00079774914775 -0.00125029776245 -0.00149723666254 -0.00112893711776 -0.00218539289199 -0.00336621608585 
0.000546477152966 0.000872064963914 0.00140703853685 0.000592562137172 0.000982242636383 0.00172686914448 0.000591851247009 0.00100417539943 0.00191340292804 -0.00039380020462 -0.00060868775472 -0.000855448946822 -0.000478720787214 -0.000808783341199 -0.00128650467377 -0.000519434921443 -0.000979269272648 -0.00180596869905 
-0.000523149676155 -0.000324500841089 -0.000212134444155 -0.000436497008195 -0.000305810390273 -0.000217119159061 -0.000339703343343 -0.000263773690676 -0.00020060389943 9.6332783869e-05 0.000119960925076 0.000117714596854 -3.63185172318e-05 3.01651089103e-05 5.8019944845e-05 -9.95995942503e-05 -2.7504605896e-05 1.19258993436e-05 
-0.000935643271077 -0.000682743557263 -0.000457743793959 -0.000554053171072 -0.000495416345075 -0.000387759966543 -0.000340929138474 -0.000347768713254 -0.000305773952277 -0.000475723732961 -5.59653672099e-05 0.000102542471723 -0.000454243039712 -0.00017553284124 -1.96231085283e-05 -0.000376475421945 -0.00020297546871 -8.1037680502e-05 
-0.000268652889645 -0.00118566269521 -0.00117617868818 -8.26253090054e-05 -0.00052181223873 -0.000657705997583 -3.40986152878e-05 -0.000271382275969 -0.000389647466363 -0.00150851043873 -0.000776891247369 -4.46797494078e-05 -0.000893389107659 -0.000621544604655 -0.000260301225353 -0.000587757560425 -0.000462714349851 -0.000275249039987 
0.000706756312866 -0.000480275833979 -0.00225875410251 0.00045599610894 -5.11507241754e-05 -0.0007198570529 0.000293259741738 2.74342564808e-05 -0.000294556608424 -0.000616163946688 -0.00126673385967 -0.0009383544093 -0.000502138631418 -0.000748027348891 -0.000665747676976 -0.000396298564738 -0.000505806761794 -0.000474384549307 
0.000479988433653 0.000288564915536 -0.000668134423904 0.000406734179705 0.000270109565463 -0.000178491856786 0.000320105929859 0.000219618275878 -2.14841529669e-05 3.78098047804e-05 -0.000407154351706 -0.00115603138693 -6.79080476402e-05 -0.000325670785969 -0.000635174510535 -0.000117054703878 -0.000271175435046 -0.000421479577199 
0.000244305439992 0.000242697453359 8.61058651935e-05 0.000247519346885 0.000238730892306 0.00012212965521 0.000225876603508 0.000213555627852 0.000128350206069 0.000141521348269 -1.87337218449e-06 -0.00034171610605 7.05655838829e-05 -4.46111735073e-05 -0.000256202882156 1.66967620316e-05 -7.22066979506e-05 -0.000206536278711 
-0.000454646506114 -0.00023171697103 -0.00013469827536 -0.000543839996681 -0.000312136457069 -0.000194370135432 -0.000492909748573 -0.000321585277561 -0.000217349850573 0.000470179016702 0.000302856467897 0.000217882930883 0.000218380781007 0.000187342579011 0.000157173009939 3.30855073116e-05 8.0159996287e-05 9.24871128518e-05 
-0.00182799366303 -0.000782228482421 -0.000388320011552 -0.00127535674255 -0.000785002019256 -0.000471325445687 -0.000756858265959 -0.000605536741205 -0.000433990731835 0.00034042133484 0.000524145318195 0.000430765154306 -0.000376169424271 9.74720387603e-05 0.000211563354242 -0.00048267445527 -0.000120181932289 4.49437902716e-05 
-0.00795288570225 -0.00775542482734 -0.00267669907771 -0.000698732503224 -0.00217935326509 -0.00168229814153 -0.0001598149247 -0.000832870602608 -0.000927101064008 -0.0043053436093 0.00299792317674 0.00244457391091 -0.00221545272507 -0.000675731571391 0.000380070181563 -0.00120449066162 -0.0007276298129 -0.000175777779077 
0.000873115903232 -0.0101311188191 -0.0363516025245 0.000873832672369 -0.00147277012002 -0.00539378728718 0.000596301164478 -0.000220474757953 -0.00137588824145 -0.000858250947203 -0.00825842283666 0.00220107636414 -0.000675516610499 -0.00201593758538 -0.00103432545438 -0.000571603479329 -0.001001067576 -0.000823255977593 
0.000404252612498 0.00011511631601 -0.00319379125722 0.000493333383929 0.000257459643763 -0.00132989161648 0.000455302884802 0.000288711540634 -0.000406347942771 0.000330199633026 -0.000759652175475 -0.00526556512341 0.000134541594889 -0.000491459679324 -0.00190040876623 -1.26425711642e-05 -0.000368930603145 -0.000882479536813 
0.000157056871103 0.000161759220646 -1.02710018837e-05 0.000225046387641 0.00022717298998 4.9466289056e-05 0.000249343895121 0.000244824506808 0.000104684229882 0.000262419867795 7.88781326264e-05 -0.000598922255449 0.000188894046005 2.89656436507e-05 -0.000421049568104 0.000111428875243 -2.06295080716e-05 -0.000301511376165 
8.01640635473e-05 3.78568147426e-05 2.11229380511e-05 -0.000299510458717 -0.000145062134834 -8.20258064778e-05 -0.000513934530318 -0.000273758312687 -0.000163138523931 0.000678710639477 0.000383643608075 0.000256463477854 0.000605207809713 0.000356350559741 0.00024373314227 0.000366758467862 0.000258334446698 0.000195356042241 
0.000514489249326 0.000156872920343 6.78300712025e-05 -0.00162504625041 -0.000560780812521 -0.000254217622569 -0.00165406917222 -0.000825620023534 -0.000441344338469 0.00195261964109 0.000990496249869 0.000608307716902 0.00122348789591 0.000813980470411 0.000546065915842 -6.19103666395e-05 0.000331237941282 0.000341481034411 
0.0766510292888 0.00855796411633 0.000829076801892 -0.0908176526427 -0.0162893887609 -0.0025304465089 -0.00253210752271 -0.00449662329629 -0.00231675454415 0.133584961295 0.0517279095948 0.00677975453436 0.0077768964693 0.0188420936465 0.00482056289911 -0.0034145808313 0.000342907675076 0.00133288977668 
-0.000104373932118 0.0143855726346 0.0785736516118 0.000505868054461 -0.0261308345944 -0.125397115946 0.000953284441493 -0.00464972946793 -0.0157136786729 -0.00174672272988 -0.0710381194949 0.0716439858079 -0.00126335734967 -0.0301057416946 0.0231717526913 -0.000747199228499 -0.00412355270237 -0.000390782894101 
-7.0236135798e-05 -7.06550054019e-08 0.00122152699623 0.000263749185251 2.92540898954e-05 -0.0034970138222 0.000460562296212 0.00018194122822 -0.00239787180908 0.000487839250127 -0.00113377859816 -0.0124592091888 0.000432730594184 -0.00098237558268 -0.00918747298419 0.000250527402386 -0.00062988314312 -0.00345614529215 
-2.47256120929e-05 -2.57290976151e-05 7.71338727645e-06 9.58952950896e-05 9.94699803414e-05 -2.14889732888e-05 0.000189749596757 0.000194092004676 1.0158756595e-05 0.000309493392706 0.000111518726044 -0.000761818548199 0.000293927761959 0.00010069932614 -0.000702831486706 0.000235058701946 6.00926214247e-05 -0.000523350783624 
0.00051393447211 0.000273758225376 0.000163138509379 0.000299510487821 0.000145062149386 8.20258137537e-05 -8.01640780992e-05 -3.78568220185e-05 -2.11229380511e-05 0.000366758467862 0.000258334388491 0.000195356056793 0.000605207751505 0.000356350530637 0.000243733215029 0.000678710639477 0.000383643578971 0.00025646344875 
0.00165406882297 0.000825620023534 0.000441344251158 0.001625046134 0.000560780870728 0.000254217593465 -0.000514489249326 -0.000156872920343 -6.78301003063e-05 -6.19104976067e-05 0.000331237766659 0.000341481092619 0.00122348801233 0.000813980179373 0.000546065857634 0.0019526197575 0.000990496249869 0.000608307600487 
0.00253210798837 0.00449662283063 0.00231675431132 0.0908176079392 0.0162893924862 0.00253044627607 -0.0766510665417 -0.00855796318501 -0.000829076801892 -0.0034145815298 0.000342907267623 0.00133288942743 0.00777689088136 0.0188420936465 0.00482056196779 0.133584946394 0.0517278984189 0.00677975546569 
-0.000953284208663 0.00464972760528 0.0157136786729 -0.000505867996253 0.0261308290064 0.125397145748 0.000104373939394 -0.0143855744973 -0.0785736441612 -0.000747199403122 -0.00412355409935 -0.000390784232877 -0.00126335734967 -0.0301057379693 0.0231717415154 -0.00174672284629 -0.0710380896926 0.0716439932585 
-0.000460562383523 -0.000181941242772 0.00239787087776 -0.000263749243459 -2.92541044473e-05 0.00349701405503 7.02361212461e-05 7.06548917151e-08 -0.00122152699623 0.00025052743149 -0.000629883084912 -0.00345614529215 0.000432730535977 -0.00098237558268 -0.00918747484684 0.000487839221023 -0.00113377824891 -0.0124592091888 
-0.000189749538549 -0.000194091961021 -1.01587593235e-05 -9.58953096415e-05 -9.94700021693e-05 2.14889787458e-05 2.47256102739e-05 2.57290957961e-05 -7.71338636696e-06 0.000235058745602 6.00926323386e-05 -0.000523350667208 0.000293927791063 0.000100699355244 -0.000702831544913 0.000309493392706 0.000111518726044 -0.000761818548199 
0.000492909806781 0.000321585277561 0.000217349836021 0.000543839880265 0.000312136515277 0.00019437012088 0.000454646564322 0.000231716956478 0.00013469827536 3.30854709318e-05 8.01599526312e-05 9.24870982999e-05 0.000218380751903 0.000187342535355 0.000157173039042 0.000470179016702 0.000302856438793 0.000217882901779 
0.000756858149543 0.000605536741205 0.000433990731835 0.00127535662614 0.000785002252087 0.000471325503895 0.00182799366303 0.000782228598837 0.000388320127968 -0.000482674571685 -0.000120182012324 4.49437429779e-05 -0.000376169598894 9.74719805527e-05 0.000211563252378 0.000340421131114 0.00052414520178 0.000430765125202 
0.000159814939252 0.000832871010061 0.000927101180423 0.000698732503224 0.00217935326509 0.00168229802512 0.0079528875649 0.007755425293 0.00267669907771 -0.00120449066162 -0.000727629638277 -0.000175777837285 -0.00221545272507 -0.000675731629599 0.000380070036044 -0.00430534500629 0.00299792154692 0.00244457344525 
-0.000596301222686 0.00022047481616 0.00137588812504 -0.000873832672369 0.00147277070209 0.00539378635585 -0.000873115728609 0.0101311234757 0.0363516137004 -0.000571603421122 -0.00100106745958 -0.000823256210424 -0.000675516435876 -0.00201593851671 -0.00103432615288 -0.000858250830788 -0.00825842469931 0.00220107310452 
-0.000455302913906 -0.000288711569738 0.000406348000979 -0.000493333383929 -0.000257459672866 0.00132989173289 -0.000404252641601 -0.000115116345114 0.00319379172288 -1.26425456983e-05 -0.000368930486729 -0.00088247959502 0.000134541609441 -0.000491459621117 -0.00190040864982 0.00033019966213 -0.000759652175475 -0.00526556465775 
-0.000249343836913 -0.000244824419497 -0.000104684200778 -0.000225046402193 -0.000227172917221 -4.9466292694e-05 -0.000157056871103 -0.000161759206094 1.02710018837e-05 0.000111428911623 -2.06294789677e-05 -0.000301511434373 0.000188894075109 2.89656636596e-05 -0.000421049539 0.00026241998421 7.88781399024e-05 -0.000598922313657 
0.000339703343343 0.000263773748884 0.000200603884878 0.000436496949987 0.000305810390273 0.000217119159061 0.000523149676155 0.000324500753777 0.000212134415051 -9.95996160782e-05 -2.75046222669e-05 1.19258820632e-05 -3.63185681636e-05 3.01650834444e-05 5.80199193791e-05 9.63327620411e-05 0.000119960903248 0.000117714575026 
0.000340929254889 0.000347768742358 0.000305773981381 0.000554053403903 0.000495416286867 0.000387760053854 0.000935643329285 0.000682743615471 0.000457743793959 -0.000376475392841 -0.000202975497814 -8.10377168818e-05 -0.000454243127024 -0.000175532899448 -1.96231430891e-05 -0.000475723732961 -5.59654326935e-05 0.000102542435343 
3.40986225638e-05 0.000271382305073 0.000389647466363 8.26253235573e-05 0.000521812180523 0.000657705939375 0.000268652918749 0.00118566257879 0.00117617833894 -0.00058775767684 -0.000462714349851 -0.000275249010883 -0.000893388816621 -0.000621544662863 -0.000260301283561 -0.00150850997306 -0.000776891247369 -4.46798367193e-05 
-0.000293259712635 -2.74342564808e-05 0.00029455657932 -0.000455996167148 5.11507496412e-05 0.000719856994692 -0.00070675619645 0.000480275833979 0.00225875386968 -0.000396298419219 -0.000505806703586 -0.000474384665722 -0.000502138515003 -0.000748027465306 -0.000665747909807 -0.000616163713858 -0.00126673397608 -0.000938354467507 
-0.000320105900755 -0.00021961829043 2.14841584238e-05 -0.000406734237913 -0.000270109507255 0.00017849188589 -0.00047998840455 -0.00028856494464 0.000668134365696 -0.000117054645671 -0.000271175405942 -0.000421479518991 -6.79080039845e-05 -0.000325670698658 -0.000635174510535 3.78098411602e-05 -0.000407154293498 -0.00115603161976 
-0.000225876603508 -0.0002135556133 -0.000128350206069 -0.000247519375989 -0.000238730935962 -0.000122129640658 -0.000244305410888 -0.000242697467911 -8.61058579176e-05 1.66967820405e-05 -7.22066906746e-05 -0.000206536293263 7.05656202626e-05 -4.46111480414e-05 -0.000256202823948 0.000141521362821 -1.87334569546e-06 -0.000341716193361 
