1.136415012568587679e+00
8.761447279858404213e-01
9.137828975198710735e-01
1.208891709492181610e+00
1.091451696092470502e+00
8.117905829982953181e-01
1.121328532262378719e+00
9.750444208063416829e-01
1.337269214996264166e+00
8.945796915536822214e-01
9.327416473114009676e-01
9.257598087575205081e-01
7.520589931623972157e-01
1.140190126647266045e+00
1.084389896476920079e+00
1.148933143111955602e+00
1.208903692544609720e+00
1.281994703169891059e+00
1.211475468266420830e+00
1.069468437721293963e+00
1.183735228082334778e+00
1.465478785013086593e+00
1.585585025164270023e+00
9.140068844644968493e-01
1.622092808037097100e+00
1.487199433802080195e+00
1.345374962445553546e+00
1.161249606488928610e+00
1.663188647002467047e+00
1.329145869464048557e+00
1.553064370930786531e+00
1.604946081906877708e+00
1.069864927481600558e+00
1.437123932519425606e+00
1.281548214914058015e+00
1.293523759855564448e+00
1.236242368740742892e+00
1.198241982246800452e+00
1.255744551311378077e+00
1.223727590504899432e+00
1.439766420316400009e+00
1.204529841420552527e+00
1.082498011729612575e+00
1.169389772923586257e+00
1.003425583139352373e+00
1.343911301048323237e+00
1.475512151057083443e+00
1.282528018956264226e+00
1.540132593228644042e+00
1.320122157507865657e+00
1.270602088166824739e+00
1.891828140666479419e+00
1.439616498044351767e+00
1.201327200927368111e+00
1.547132231575240713e+00
1.782960562175645247e+00
1.735645261647439375e+00
1.532714034585006990e+00
1.358138750794885441e+00
1.233366133892318972e+00
1.216541000026233554e+00
1.324561619853443561e+00
1.868525604766585690e+00
1.779294434599770547e+00
2.045208752529707130e+00
1.839388049054214713e+00
1.627153544890868941e+00
1.620661229477909693e+00
1.681764472300625091e+00
1.992607721550788469e+00
1.675040056982647574e+00
1.844988884765109693e+00
1.635027336970667378e+00
1.653365616404897320e+00
1.666415728584908162e+00
1.437485615405226458e+00
1.729327908984479523e+00
2.037243433242572177e+00
1.508766838677845890e+00
1.986004138111143069e+00
1.815584718489973381e+00
1.872436871310145134e+00
2.318828195668260150e+00
1.929743100971434533e+00
2.099031588336411680e+00
2.034085565730005651e+00
1.614890450204569783e+00
1.664715269422047061e+00
1.711983762404975185e+00
1.830958695648296830e+00
2.242853116861645013e+00
1.331351131893683926e+00
1.677342339280681216e+00
2.066749074899943306e+00
1.813381605036509026e+00
1.650811788528961266e+00
1.655062895303202497e+00
1.922957552629759537e+00
2.269864967734296357e+00
2.072069121231125965e+00
1.943139828696130111e+00
2.206019311853388398e+00
1.944288807932906815e+00
2.005898000835912409e+00
1.957575164959619141e+00
2.300896758571088885e+00
1.731678982748089846e+00
1.796177334964990546e+00
2.620408994313579321e+00
2.082053633284837613e+00
2.174115397016049833e+00
1.666786287837390912e+00
2.224118770590684413e+00
1.861739386841858579e+00
1.952271073642848132e+00
2.312773802140652979e+00
2.018490373532908499e+00
2.141292439060050512e+00
2.199819927731616609e+00
2.799383578484960555e+00
2.335891588151660425e+00
2.167741198365445321e+00
2.262610941715726742e+00
1.882893346920427868e+00
2.221050711678880241e+00
2.273917070404158025e+00
1.890431813254502380e+00
2.123515762648207961e+00
2.195671884302019539e+00
2.228549939504852695e+00
2.245398982410649502e+00
2.444698313068569995e+00
2.266509507660432021e+00
2.185536096952834573e+00
2.260511346494270768e+00
2.408128366972292156e+00
2.114914064256112169e+00
2.593109490946823303e+00
2.101959062651238774e+00
2.301631075924355230e+00
2.468038629960505936e+00
2.313015925957165209e+00
2.325585204565757902e+00
2.498117529468452780e+00
2.355123565548470133e+00
2.528969925087164228e+00
2.458473117512655737e+00
2.605759826995478257e+00
2.647192810006134600e+00
2.718954906881645428e+00
2.342043355951789696e+00
2.456352718721747319e+00
2.611496995062668081e+00
2.285662763791041829e+00
3.035177526660262970e+00
2.545095670048499237e+00
2.290465389713177924e+00
2.567493363173955601e+00
2.610556176077624357e+00
2.628457434437484697e+00
2.647386608611909331e+00
2.845375366275959994e+00
2.242376598604711724e+00
2.936654029827794332e+00
2.525891111362456698e+00
3.010938356973337893e+00
3.064701233176124084e+00
2.400308000131834429e+00
2.926979143348765522e+00
2.854130900401683046e+00
2.976513996905346904e+00
2.587240755926708768e+00
2.672122085144406967e+00
3.021475270547300696e+00
2.927363060780823201e+00
2.772565307805716195e+00
2.756014406631116298e+00
3.009298277487693962e+00
2.859214049169617855e+00
2.778122993633809656e+00
2.828544485261201835e+00
2.553703327645373111e+00
3.047237769360024551e+00
3.355969347281998694e+00
2.669966511588623082e+00
2.483931686143169948e+00
2.934753851448100637e+00
2.678123815995778756e+00
2.900786509939259794e+00
3.021667488109607280e+00
2.849973406398893960e+00
3.057340877947778424e+00
2.691520719355875890e+00
2.715134882564907315e+00
3.265548814846763293e+00
2.866708802298617798e+00
3.003416741386861766e+00
2.771647182504210161e+00
3.068657618509540441e+00
2.817819266651428567e+00
