0.00647694816218
0.00494538778687
0.000265955776707
-0.00876465145597
-0.0186913255402
-0.0164865637027
0.0117419827987
0.0127022937248
-0.0120551733936
-0.0540137163141
-0.0607728135815
-0.0303529705941
0.0174950415104
0.0285203655266
-0.612841706535
-0.367055430843
-0.143298345272
-0.0435877881633
0.0182092122585
0.0299451507963
-0.617099572113
-0.344475080871
-0.133028290321
-0.0414186627212
0.0132209103501
0.0149310020259
-0.0145469467297
-0.0329180931487
-0.0468648248111
-0.0260355670539
0.00783133732644
0.00640091742172
0.00131013790321
-0.00378353909613
-0.0124007428411
-0.012847491577
0.000875627319668
-0.00121076800002
-0.00332670768738
0.0107329145138
0.0160065254939
0.00929247278226
0.0011953692138
-0.00152921880867
-0.0198026307403
0.0533622403879
0.0365729087608
0.0112497936776
0.000107289969813
-0.00227638151903
0.0789118232256
0.0890677373131
0.0284508542397
0.00616290799687
-0.00216010090494
-0.00304345710219
0.159472703751
0.0401473219434
-0.0179137944476
-0.00374661006886
-0.00307524432509
-0.00138294488711
0.0482263533609
0.00678269670563
-0.0237481454778
-0.00794144849281
-0.00233760167115
5.72098878745e-05
0.00855935067886
0.00233113041098
-0.00798829701623
-0.00594568934009
-0.000223675536573
-0.00249539114839
-0.00614518489904
-0.00642383868392
-0.0031187678199
-0.000380056147881
0.00122867129249
-0.000612150799448
-0.00774675484311
-0.0219735476724
-0.00958271225358
-0.000416639388885
0.00306135592326
0.00584070107069
0.21270303264
-0.0278491012505
-0.0269337521146
-0.000772694698521
0.00352613761892
0.00744586465697
0.224144631282
-0.000906737027945
-0.0256111941477
-0.000955072107617
0.00223696036291
0.00193235401799
0.000888828535476
-0.00370493236691
-0.00857004579381
-0.000906008723014
0.000756843399995
-0.000929837773404
-0.00455187005559
-0.00561771259936
-0.00350670148812
-0.000987571540648
